18609.4
18615.2
18621.1
  18627
18632.8
18638.7
18644.5
18650.4
18656.2
18662.1
  18668
18673.8
18679.7
18685.5
18691.4
18697.3
18703.1
  18709
18714.8
18720.7
18726.6
18732.4
18738.3
18744.1
  18750
18755.8
18761.7
18767.6
18773.4
18779.3
18785.2
  18791
18796.9
18802.7
18808.6
18814.4
18820.3
18826.2
  18832
18837.9
18843.8
18849.6
18855.5
18861.3
18867.2
  18873
18878.9
18884.8
18890.6
18896.5
18902.3
18908.2
18914.1
18919.9
18925.8
18931.6
18937.5
18943.4
18949.2
18955.1
18960.9
18966.8
18972.6
18978.5
18984.4
18990.2
18996.1
  19002
19007.8
19013.7
19019.5
19025.4
19031.2
19037.1
  19043
19048.8
19054.7
19060.5
19066.4
19072.3
19078.1
  19084
19089.8
19095.7
19101.6
19107.4
19113.3
19119.1
  19125
19130.8
19136.7
19142.6
19148.4
19154.3
19160.2
  19166
19171.9
19177.7
19183.6
19189.4
19195.3
19201.2
  19207
19212.9
19218.8
19224.6
19230.5
19236.3
19242.2
  19248
19253.9
19259.8
19265.6
19271.5
19277.3
19283.2
19289.1
19294.9
19300.8
19306.6
19312.5
19318.4
19324.2
19330.1
19335.9
19341.8
19347.6
19353.5
19359.4
19365.2
19371.1
  19377
19382.8
19388.7
19394.5
19400.4
19406.2
